index;LogP_scaled;Peso_Molecular_scaled;TPSA_scaled;NumRotatableBonds_scaled;FilterItLogS;PEOE_VSA1;PEOE_VSA2;PEOE_VSA3;PEOE_VSA5;PEOE_VSA6;PEOE_VSA7;PEOE_VSA8;PEOE_VSA9;PEOE_VSA10;PEOE_VSA11;PEOE_VSA12;PEOE_VSA1
LogP_scaled;1.0;0.3920659093831053;-0.2404926801244621;0.3097524447448073;-0.745620932275764;-0.1999052583055071;-0.04524085615935132;-0.023299921147938735;0.07853708029916083;0.5560466807339801;0.45096981470370545;0.14837879653810693;0.0470313101825387;-0.05162273924316835;-0.07286341769578357;-0.052325351881723665;-0.1999052583055071
Peso_Molecular_scaled;0.3920659093831053;1.0;0.5862967714612688;0.5419431597016652;-0.651191497044024;0.5491763172557516;0.2870756338515009;0.37465438080212166;0.0946412961410418;0.24210572256106117;0.5422816377495772;0.4537630161180927;0.4651808370106152;0.4210120438670206;0.3809842680293652;0.3253902809463355;0.5491763172557516
TPSA_scaled;-0.2404926801244621;0.5862967714612688;1.0;0.3123964582435402;-0.01005001356630603;0.7140878346503875;0.43654483691712215;0.4306477504314487;-0.05678455120727207;-0.14505555107728474;0.24208956097742193;0.2664344379502784;0.4409158289633649;0.4647900698206511;0.579851001954398;0.4161604182741639;0.7140878346503875
NumRotatableBonds_scaled;0.3097524447448073;0.5419431597016652;0.3123964582435402;1.0;-0.42315568496414135;0.31178447382804286;0.16814328314491261;0.24313621238365035;-0.043190761508378174;0.2860349160360266;0.22876800575861297;0.2392787822286729;0.28734305084447276;0.15367098894164127;0.09799551552096879;0.18758107676721453;0.31178447382804286
FilterItLogS;-0.745620932275764;-0.651191497044024;-0.01005001356630603;-0.42315568496414135;1.0;-0.01554293883362864;-0.07857877278108907;-0.14307971200384953;-0.12581594628651002;-0.5730970446713854;-0.5579452521018857;-0.3304119120427524;-0.24927315009212678;-0.11386184561501585;-0.020570901217349818;-0.09395299845973573;-0.01554293883362864
PEOE_VSA1;-0.1999052583055071;0.5491763172557516;0.7140878346503875;0.31178447382804286;-0.01554293883362864;1.0;0.09364382172655218;0.15265133121888447;-0.06348121583693082;-0.06487470642254009;0.2531208127169732;0.32155499663186593;0.3558482763531875;0.4756787793065857;0.5131063687458024;0.28951490814908964;1.0
PEOE_VSA2;-0.04524085615935132;0.2870756338515009;0.43654483691712215;0.16814328314491261;-0.07857877278108907;0.09364382172655218;1.0;0.02240942098968209;-0.015393496891199865;-0.06574488314205328;0.11265899915100229;0.3501498709921056;0.24398602657057974;0.11639627291324521;0.12798016881974464;0.2623767579991943;0.09364382172655218
PEOE_VSA3;-0.023299921147938735;0.37465438080212166;0.4306477504314487;0.24313621238365035;-0.14307971200384953;0.15265133121888447;0.02240942098968209;1.0;-0.01835075770662839;-0.11072269814651053;0.12353664043830612;0.13145177300130986;0.30461656971358403;0.1793546221236507;0.2641852471718917;0.2799534228732476;0.15265133121888444
PEOE_VSA5;0.07853708029916083;0.0946412961410418;-0.05678455120727207;-0.043190761508378174;-0.12581594628651002;-0.06348121583693082;-0.015393496891199865;-0.01835075770662839;1.0;-0.06624437719891575;-0.038936643432724516;0.01213780368716906;0.07687010812927816;0.09312302207698364;0.03495083145572886;-0.009824282743555736;-0.06348121583693081
PEOE_VSA6;0.5560466807339801;0.24210572256106117;-0.14505555107728474;0.2860349160360266;-0.5730970446713854;-0.06487470642254009;-0.06574488314205328;-0.11072269814651053;-0.06624437719891575;1.0;0.2112482692043849;0.03303759665421464;0.009364620374056234;0.03011572008586384;-0.07203602069504776;-0.014834631554231975;-0.06487470642254009
PEOE_VSA7;0.45096981470370545;0.5422816377495772;0.24208956097742193;0.22876800575861297;-0.5579452521018857;0.2531208127169732;0.11265899915100229;0.12353664043830612;-0.038936643432724516;0.2112482692043849;1.0;0.3195360399358145;0.17634160246283423;0.21979877850149293;0.11101628773672498;0.15067912530390706;0.2531208127169732
PEOE_VSA8;0.14837879653810693;0.4537630161180927;0.2664344379502784;0.2392787822286729;-0.3304119120427524;0.32155499663186593;0.3501498709921056;0.13145177300130986;0.01213780368716906;0.03303759665421464;0.3195360399358145;1.0;0.14173203638214818;0.1199057328196811;0.07035569764704415;0.1646685836920222;0.32155499663186593
PEOE_VSA9;0.0470313101825387;0.4651808370106152;0.4409158289633649;0.28734305084447276;-0.24927315009212678;0.3558482763531875;0.24398602657057974;0.30461656971358403;0.07687010812927816;0.009364620374056234;0.17634160246283423;0.14173203638214818;1.0;0.20042894128518418;0.213996948264478;0.16240336478574918;0.3558482763531875
PEOE_VSA10;-0.05162273924316835;0.4210120438670206;0.4647900698206511;0.15367098894164127;-0.11386184561501585;0.4756787793065857;0.11639627291324521;0.1793546221236507;0.09312302207698364;0.03011572008586384;0.21979877850149293;0.1199057328196811;0.20042894128518418;1.0;0.1794185104602194;0.1524035047797636;0.47567877930658575
PEOE_VSA11;-0.07286341769578357;0.3809842680293652;0.579851001954398;0.09799551552096879;-0.020570901217349818;0.5131063687458024;0.12798016881974464;0.2641852471718917;0.03495083145572886;-0.07203602069504776;0.11101628773672498;0.07035569764704415;0.213996948264478;0.1794185104602194;1.0;0.22048753045482472;0.5131063687458024
PEOE_VSA12;-0.052325351881723665;0.3253902809463355;0.4161604182741639;0.18758107676721453;-0.09395299845973573;0.28951490814908964;0.2623767579991943;0.2799534228732476;-0.009824282743555736;-0.014834631554231975;0.15067912530390706;0.1646685836920222;0.16240336478574918;0.1524035047797636;0.22048753045482472;1.0;0.2895149081490896
PEOE_VSA1;-0.1999052583055071;0.5491763172557516;0.7140878346503875;0.31178447382804286;-0.01554293883362864;1.0;0.09364382172655218;0.15265133121888444;-0.06348121583693081;-0.06487470642254009;0.2531208127169732;0.32155499663186593;0.3558482763531875;0.47567877930658575;0.5131063687458024;0.2895149081490896;1.0
